csX=1411.042114
csY=-1700.572753
csZ=13.539485
csName=Delux
