vVehX=1535.127929
vVehY=-1691.323730
vVehZ=13.546875
vVehA=151.343582
vVehID=411
vVehC1=1
vVehC2=1
vPrice=25000
