vVehX=1533.507202
vVehY=-1697.553466
vVehZ=13.382812
vVehA=165.059860
vVehID=411
vVehC1=1
vVehC2=1
vPrice=250
