vVehX=1535.263549
vVehY=-1689.369873
vVehZ=13.546875
vVehA=142.546340
vVehID=411
vVehC1=0
vVehC2=0
vPrice=200
