vVehX=1526.315917
vVehY=-1677.025268
vVehZ=13.382812
vVehA=284.560180
vVehID=411
vVehC1=0
vVehC2=0
vPrice=20
