vVehX=1066.065185
vVehY=-1352.381225
vVehZ=14.261979
vVehA=182.834701
vVehID=411
vVehC1=4
vVehC2=4
vPrice=4
