vVehX=1062.597534
vVehY=-1360.885864
vVehZ=13.786315
vVehA=138.205429
vVehID=411
vVehC1=4
vVehC2=4
vPrice=4
