bOwner=0
bOwnerName=None
bX=2150.109375
bY=-100.762275
bZ=2.851918
bLocked=0
bType=22
bPrice=22000
bLevel=23
bPayOut=34
bStock=60
bFee=2
bName=Fishing Store
