bOwner=0
bOwnerName=None
bX=2292.302246
bY=-1722.687255
bZ=13.546875
bLocked=0
bType=1
bPrice=12000
bLevel=12
bPayOut=34
bStock=60
bFee=2
bName=General Store
