bOwner=0
bOwnerName=None
bX=1377.805419
bY=-1753.309326
bZ=14.140625
bLocked=0
bType=13
bPrice=13
bLevel=13
bPayOut=13
bStock=60
bFee=2
bName=Gym
