bOwner=0
bOwnerName=None
bX=1386.125976
bY=-1750.742187
bZ=13.382812
bLocked=0
bType=14
bPrice=14
bLevel=14
bPayOut=14
bStock=60
bFee=2
bName=Gym
