bOwner=0
bOwnerName=None
bX=1283.041992
bY=-1718.236816
bZ=13.546875
bLocked=0
bType=1
bPrice=1
bLevel=1
bPayOut=1
bStock=60
bFee=2
bName=General Store
