bOwner=0
bOwnerName=None
bX=1529.224731
bY=-1675.283203
bZ=13.382812
bLocked=0
bType=1
bPrice=1
bLevel=1
bPayOut=1
bStock=60
bFee=2
bName=General Store
