bOwner=0
bOwnerName=None
bX=1036.794433
bY=-1334.075317
bZ=13.548147
bLocked=0
bType=3
bPrice=3
bLevel=3
bPayOut=3
bStock=60
bFee=2
bName=Ammu-Nation
