bOwner=0
bOwnerName=None
bX=1833.781982
bY=-1842.667724
bZ=13.578125
bLocked=0
bType=1
bPrice=1
bLevel=1
bPayOut=1
bStock=60
bFee=2
bName=General Store
