bOwner=0
bOwnerName=None
bX=387.178802
bY=-1818.010131
bZ=7.840993
bLocked=0
bType=1
bPrice=1
bLevel=1
bPayOut=1
bStock=60
bName=General Store
