bOwner=0
bOwnerName=None
bX=1713.884887
bY=-1901.091796
bZ=13.566831
bLocked=0
bType=1
bPrice=1
bLevel=1
bPayOut=1
bStock=60
bName=General Store
