bOwner=1
bOwnerName=Daniel_Danielovz
bX=2105.487792
bY=-1806.598266
bZ=13.554686
bLocked=0
bType=6
bPrice=60000
bLevel=6
bPayOut=45
bStock=60
bFee=2
bName=Burger Shot
hPrice=60000
bEarnings=0
bItemsNumber=0
