bOwner=0
bOwnerName=None
bX=1721.126464
bY=-1904.676391
bZ=13.565064
bLocked=0
bType=3
bPrice=3
bLevel=3
bPayOut=3
bStock=60
bName=Ammu-Nation
