bOwner=0
bOwnerName=None
bX=1699.694091
bY=1434.816528
bZ=10.686895
bLocked=0
bType=1
bPrice=1
bLevel=1
bPayOut=1
bStock=60
bName=General Store
