bOwner=0
bOwnerName=None
bX=1708.507690
bY=1435.261474
bZ=10.562830
bLocked=0
bType=2
bPrice=2
bLevel=2
bPayOut=2
bStock=60
bName=Bar
