bOwner=0
bOwnerName=None
bX=1717.990478
bY=1435.739379
bZ=10.715167
bLocked=0
bType=3
bPrice=3
bLevel=3
bPayOut=3
bStock=60
bName=Ammu-Nation
