bOwner=0
bOwnerName=None
bX=1730.298461
bY=1436.359985
bZ=10.736454
bLocked=0
bType=4
bPrice=4
bLevel=4
bPayOut=4
bStock=60
bName=General Store
