bOwner=0
bOwnerName=None
bX=1732.735839
bY=1429.836425
bZ=10.763238
bLocked=0
bType=5
bPrice=5
bLevel=5
bPayOut=5
bStock=60
bName=Prolaps Store
