bOwner=0
bOwnerName=None
bX=1728.013183
bY=1429.486083
bZ=10.711341
bLocked=0
bType=5
bPrice=6
bLevel=5
bPayOut=5
bStock=60
bName=Prolaps Store
