bOwner=0
bOwnerName=None
bX=1728.886718
bY=1423.662475
bZ=10.717327
bLocked=0
bType=6
bPrice=6
bLevel=6
bPayOut=6
bStock=60
bName=Burger Shot
