bOwner=0
bOwnerName=None
bX=1730.386230
bY=1418.372558
bZ=10.728140
bLocked=0
bType=7
bPrice=7
bLevel=7
bPayOut=7
bStock=60
bName=General Store
