bOwner=0
bOwnerName=None
bX=1733.513427
bY=1409.746337
bZ=10.763811
bLocked=0
bType=8
bPrice=8
bLevel=8
bPayOut=8
bStock=60
bName=Urban Store
