bOwner=0
bOwnerName=None
bX=350.616058
bY=-1544.597412
bZ=33.224624
bLocked=0
bType=9
bPrice=1
bLevel=1
bPayOut=1
bStock=60
bFee=2
bName=Ammu-Nation
