bOwner=0
bOwnerName=None
bX=1718.436645
bY=1416.399169
bZ=10.640625
bLocked=0
bType=9
bPrice=9
bLevel=9
bPayOut=9
bStock=60
bName=Ammu-Nation
