bOwner=0
bOwnerName=None
bX=1718.990722
bY=1411.444824
bZ=10.640625
bLocked=0
bType=10
bPrice=10
bLevel=10
bPayOut=10
bStock=60
bName=Ammu-Nation
