bOwner=0
bOwnerName=None
bX=1731.985595
bY=1402.999755
bZ=10.729404
bLocked=0
bType=19
bPrice=19
bLevel=19
bPayOut=19
bStock=60
bName=Bar
