bOwner=0
bOwnerName=None
bX=1736.370239
bY=1396.568603
bZ=10.750791
bLocked=0
bType=20
bPrice=20
bLevel=20
bPayOut=20
bStock=60
bName=Cluckin' Bell
