bOwner=0
bOwnerName=None
bX=1715.017822
bY=1451.001708
bZ=10.763519
bLocked=0
bType=21
bPrice=20
bLevel=20
bPayOut=20
bStock=60
bName=Restaurant
