bOwner=0
bOwnerName=None
bX=1718.138671
bY=1444.757446
bZ=10.812520
bLocked=0
bType=22
bPrice=22
bLevel=2
bPayOut=2
bStock=60
bName=Fishing Store
