bOwner=0
bOwnerName=None
bX=1392.302001
bY=-1764.222167
bZ=13.382812
bLocked=0
bType=19
bPrice=19
bLevel=19
bPayOut=19
bStock=60
bName=Bar
