bOwner=0
bOwnerName=None
bX=1391.467285
bY=-1773.722656
bZ=13.382812
bLocked=0
bType=20
bPrice=20
bLevel=20
bPayOut=20
bStock=60
bName=Cluckin' Bell
