bOwner=0
bOwnerName=None
bX=1390.599243
bY=-1781.597290
bZ=13.382812
bLocked=0
bType=21
bPrice=21
bLevel=21
bPayOut=21
bStock=60
bName=Restaurant
