bOwner=0
bOwnerName=None
bX=1392.220214
bY=-1790.564941
bZ=13.382812
bLocked=0
bType=22
bPrice=22
bLevel=22
bPayOut=2
bStock=60
bName=Fishing Store
