bOwner=0
bOwnerName=None
bX=350.768341
bY=-1548.581665
bZ=33.225944
bLocked=0
bType=1
bPrice=1
bLevel=1
bPayOut=1
bStock=60
bFee=2
bName=General Store
