bOwner=0
bOwnerName=None
bX=1531.900024
bY=-1697.136108
bZ=13.382812
bLocked=0
bType=1
bPrice=1
bLevel=1
bPayOut=1
bStock=60
bName=General Store
