bOwner=0
bOwnerName=None
bX=1954.517822
bY=-1801.812011
bZ=13.546875
bLocked=0
bType=1
bPrice=1
bLevel=1
bPayOut=1
bStock=60
bName=General Store
