bOwner=0
bOwnerName=None
bX=1717.441528
bY=-1898.736572
bZ=13.565963
bLocked=0
bType=5
bPrice=5
bLevel=5
bPayOut=5
bStock=60
bName=Prolaps Store
