bOwner=0
bOwnerName=None
bX=1132.062011
bY=-1857.689575
bZ=13.584810
bLocked=0
bType=1
bPrice=1
bLevel=1
bPayOut=1
bStock=60
bFee=2
bName=General Store
