bOwner=0
bOwnerName=None
bX=1498.355346
bY=-1581.763427
bZ=13.549827
bLocked=0
bType=18
bPrice=18
bLevel=18
bPayOut=18
bStock=60
bFee=2
bName=Caligula'S
