bOwner=0
bOwnerName=None
bX=875.597839
bY=-968.854858
bZ=37.187500
bLocked=0
bType=3
bPrice=30000
bLevel=30
bPayOut=30
bStock=60
bFee=2
bName=Ammu-Nation
