gX=1488.836669
gY=-1660.572998
gZ=14.493535
gXY=0.000000
gYY=0.000000
gZY=0.000000
GraffitiOwner=0
