gX=1679.080566
gY=1433.075927
gZ=10.772827
gXY=1.200000
gYY=-9.500000
gZY=-88.399955
GraffitiOwner=0
